-1.111918175833086
-1.2766744657344122
-1.3203952190523
-1.5210294141078338
-1.6608958287534012
-0.12075808051221021
-0.17902841341712583
-0.3382248296995089
-0.024383326227903172
-0.2671672553774017
-0.08954198416610476
-0.11735911594686418
-0.23892502884569375
-0.2254364191287738
-0.4473367010124128
-0.09470255684523254
0.07379355973062275
0.17851337536548575
0.22981320360732987
0.43701714586621215
-0.047534172843195166
-0.06914787765732046
0.03758486952797694
-0.10324134955539978
-0.05577201563264563
0.0
0.0
0.3381093307209911
7.613863796012559
7.6260874455238055
8.562959484523475
7.597073222887195
8.620949528351789
0.8067846213771982
-35.963452653273116
5.238287693813488
5.600195998974449
5.392265949250674
5.928254957772336
6.382890525358811
-0.025097786848197013
0.002782111038921754
5.145740294504881
5.396799382393038
5.213162174252189
5.5590909488236395
5.788112647069847
-0.014467182701564519
0.09805378582680815
-0.2117084294920583
0.615593533927798
0.0
0.5141634837919068
0.0
-0.007827570985783338
0.0
0.0
1.4585483679862101
-2.0962931463176786
-0.7795496113005944
-1.690963309075879
-2.20997744428493
-2.441239224689697
-1.8751898669411229
-2.3366390146908347
-0.7908999073815673
-3.3798273002068933
-3.1769484828216537
0.08078510793202424
0.3381101560716368
-0.08686978102134701
0.7590603662015123
-1.6617794833872086
-0.2009198769645106
-0.12869954084424776
-2.9939306702029174
-2.117138413429083
-2.6223723814222346
-3.7170382883929203
-1.0334926442543475
0.8684825540605188
0.14577366763849228
0.019315360366195328
-0.24748801142679117
0.22953153542616156
0.8785777555033185
-0.3525974624088716
0.6341693928558876
-0.2233384226820457
1.1079630219090646
1.5364519318943348
-0.2421739075153963
0.9593302344564976
-0.6530557051730869
-1.9524573945669899
0.35195261793909444
1.03976132743291
-0.003048236786873991
0.6678159137891198
2.4850773342131545
0.006664529038085537
1.6410033919320028
1.4192024548298836
-0.8297267497402818
-1.431806426967809
-0.2077509826656211
0.7374961318161403
-0.2787513984255165
-0.8419284604553302
-0.3976298253124113
0.679463104008382
-0.5713417878070187
0.17778158167876082
-18.980404671069763
-0.04561611410888084
1.1141584433641352
-0.7709043197017875
-0.14011158214697939
-0.055758932590285415
0.26428579739585867
-0.24758895572458975
1.0285941732759076
1.7351830597691305
0.07717208251609288
0.5997964627399535
0.16989097867308073
1.3359967697287045
1.2236767064434027
-0.3234927085576607
-5.242173320112479
2.7838073873395035
-17.670554397465946
-0.20589165932530093
2.704435230092813
0.5360922785612113
1.1198414406662809
2.2004285047789436
-0.5630166494879264
1.0297898584054592
-1.0812232916854028
0.1408846716273943
1.0598820418504178
1.833324137505749
-0.551083911633943
0.5118915849397954
1.276796565609647
0.8326839614783881
0.9994525660126603
0.7742928194187436
0.16967552331261956
1.3026341959003362
-0.3142670589927535
-1.170502738153469
0.5393370203279969
1.178449383225684
-0.3194499444609374
0.8624590443611702
-1.1706253075598634
0.7253274638693905
2.3488856362544404
0.07760463195924665
1.2618325478807797
-1.2733777896315097
-2.8897179515627034
0.8161238967031229
1.3116517810561779
0.056217024918681004
1.7476025773511457
1.1522568131666107
0.9662238510840909
2.2466516157597654
0.31411117675837275
0.6921698339469549
0.0
0.10284390633468403
0.12876028927436278
0.04851211115069927
0.10297654492032071
0.11555717666211615
0.4541519890469424
0.04091697190554772
0.23491471577358963
0.5257548752292356
2.1236281994814504e-236
0.18640766904498743
0.13961055590495602
0.15988221443029477
0.41599301079558415
0.12795524129548527
0.20948171752587072
1.1028824668814627e-74
0.4781169232228204
0.5886406524838305
0.12328785951003404
0.11100625098329349
0.19008925684836595
0.1123865287550756
0.06377213029596983
0.13422997876724221
0.14473383012280808
0.0537365890105619
0.0
2.802558343889976e-179
0.0
0.3846416522257471
0.41839598477649076
0.2012050118514008
0.30406648957220694
0.35453061582525125
0.27753752565130213
0.05962272009760063
0.6006208005344954
0.8132656366264964
0.0
0.11283186388420932
0.2670906488398465
1.0661789276338171e-33
0.057696844517780906
0.07390249948929584
0.07459170610787652
0.0
0.4971324961121242
0.7433745061108394
0.0
0.048232908871428636
2.4667584016290584e-6
0.03149293991556933
0.16345828547444238
0.1343012321666582
0.3394067516550314
0.04259841293550594
0.2407940763262826
0.24735628656151057
0.0
0.11129762006514134
4.5702356646133315e-40
0.11970007976570088
0.5576178333920434
0.42642365438013113
0.20158809028167396
0.09522235922751672
0.34486545299761473
0.7407780761109263
0.0
0.10000395397628971
5.643269713592868e-183
4.956514631303615e-23
2.5206571366627366e-33
0.1592179699127846
0.6551345470023855
2.8076089260085176e-92
0.033098163390793855
0.43138965922763683
0.09464562049034121
0.16158718861460497
0.13167379032276422
0.13101166792934604
0.41204336226277005
0.22198044518862486
0.32853906353333084
0.054031039039787156
0.40513807853325495
0.45266295688782215
0.0
0.18809187259484644
0.31760991836947994
0.21016512413460983
2.711271016489383e-62
0.11692406422537156
0.277252003097265
0.03215598215734918
0.31157747648885814
0.6941592914214685
0.23532400941094997
0.045474731102349786
1.718663728898725e-70
0.11318070576155598
0.45309851410019186
0.13579954347730516
0.0
0.01138572823732119
4.61890145174639e-16
0.5874257568608726
0.0
0.05865462920737963
0.0
1.3503321296936505e-133
0.5166820404607384
0.2989260277669928
0.483317959539261
0.05499358616475538
0.21401954123312286
0.6293441398106859
0.0
0.09205461878558509
0.0
0.12717123989781176
0.18720192952927772
0.15143000150591843
0.5987785292375998
4.341408765544836e-139
1.1718348864563512e-41
0.5691634270030533
0.204026075783583
0.12704769480013495
0.035759146620960566
0.0519450505406188
0.5215622782938649
0.24958660120803192
0.23865249930159232
0.002257226448161675
0.5833246269399168
0.6037537368572747
1.3782119636348616e-151
0.22581379569744903
0.11252163858192045
1.0092599335290268e-282
0.30415373447816335
0.1328956827551217
0.0
0.03753678469015326
0.5723523467668239
1.046335434913463
