-1.111963436201554
-1.275923145862579
-1.3200609297550665
-1.5195179455957626
-1.659491764000391
-0.9107243603175535
-1.223719589295866
-0.9043055381208315
0.1324811878991109
-1.6166027039630182
0.2003142054531915
-0.49404388837039914
-2.1423357706582955
-2.139857543690534
-4.304321512150846
-1.6567849731042954
0.5935138055600452
2.6016400967098634
2.731794118736924
4.803868365378237
0.32008641163631524
0.7817973871506431
0.6077768193852491
-0.6766002458979792
-0.43091814215329743
0.0
0.0
3.97828831486596
4.985504399382199
5.955263675573143
6.681629746837111
4.291270381267286
7.130973476712702
0.8033680629602205
-35.97017345166589
5.343218939698223
5.651208961200253
5.6866508300058225
6.02926267508917
6.5083268058159085
-0.039627557241404376
0.0023320202713002143
5.248431100771868
5.101271221542175
5.1243326878268505
5.419720835994414
5.827343327847164
-0.02278387787290506
0.06645329738678978
-0.001334197511420867
1.0365458857916872
0.0
1.241894906865019
0.0
1.090628858094852
0.0
0.0
1.4387075466759722
-1.7784772128284838
-1.2915810391493208
-1.8191392172768162
-2.917653013123521
-2.3173910315312916
-1.7568009833279938
-2.1258312681291236
-1.2446487919389926
-3.7310006875273225
-3.471134510226033
-0.1221969648028851
0.2803842904978909
-0.431767228312498
0.07542144910904375
-1.2717969430222074
-0.1680124367960331
-0.07999895703626411
0.22133150249959402
-0.39377774298931717
-0.13788506657868874
3.5753630849185067
-0.2917378555498328
0.6600447423677154
0.19797032338932952
-0.05453036114910346
0.16268943622634432
0.013562310154014904
0.4668584354763117
-0.4159473145857052
0.7329247266157632
-0.4925440460117211
1.0960310478084119
1.550502999707215
-0.09760394132932854
0.9733864732441394
-0.7631526303128109
-1.207297683891074
-0.019069319780645952
0.5453288200670517
0.04937414095488624
0.5716830924328201
1.0800464356907609
-0.4582103265582347
1.4823575285753794
1.6731806811830567
-0.8826215534231259
-1.3748474109775883
-0.22031646854191905
0.4277901290802929
0.11679220988843571
-0.016211290159465687
-0.490063198043253
0.8168062148587296
-0.8826203175431062
-0.028816350227501834
-0.5946975817006093
-0.03444235339605646
1.0536874211326528
-0.6042282755924455
0.1703773000484372
0.01486018454309234
0.1484605413684033
-0.4235600502279362
0.9258905242293547
0.18875326164493464
0.43096519965243046
1.1378838689617767
1.1986697638675214
0.5240492587545572
0.5063261519722472
-0.3849618691565708
-5.129573740656963
2.481844216697207
-17.279469997510805
-0.2236453114544257
2.020828960878256
0.8282312885567354
0.6593945103591812
1.9099040429051843
-0.45184400804987584
0.575729641980794
-1.1390715590884366
0.3686325797922712
0.657262024343682
1.1229394074201926
-0.3631898536270833
0.08266148176891086
0.21518981643799387
0.529379422547435
1.136130805557899
-4.764389269629322
5.84136134711176
7.275608242370553
-0.5057403797800789
-2.0243276439192566
0.15180497009053037
1.3644220182213882
-0.18826851277636436
0.8208492815260721
-2.2648672199876345
1.2498574439899335
2.8602258031959282
0.07016451470048475
1.3789890545036956
-0.9647619764498283
-16.505816200646308
13.308609111009625
13.94977439485738
0.28718081651435423
2.071575826763754
-14.61131898018573
0.9745987752292024
2.284311599807028
0.2804750572510973
0.7234102973555302
4.829240060464052e-84
0.08379796074363932
0.10436568269976769
0.04901341208977944
0.10125108177831606
0.10469506360985623
0.5139081782708188
0.03908326620119686
0.4065860411522402
0.5458733726707732
1.7129489651541633e-9
0.17722003521281654
0.2131825546130353
0.11161825705037084
0.22538998371688743
0.1642700143629637
0.1548414188048892
0.0010183207030752162
0.3609682487621271
0.503942877844195
0.1553957106920102
0.14621825558661697
0.11557792881837597
0.12458307776129414
0.2000941928613526
0.22525578880789618
0.16796391886613452
8.993081281961631e-18
2.4914085593649643e-38
1.0206744763480368e-5
2.4305056764384172e-26
0.7605799974770073
0.5474414962402374
0.0004878013213214748
4.110252987572683e-39
2.8357187955220808e-5
0.4525585037597642
0.23889363726895355
0.8358779797276221
1.0
4.4668638757517266e-200
2.611412089129985e-137
3.4399707715624808e-180
3.7213276959614838e-155
1.483355076369303e-15
5.0085157651904575e-124
0.16412202027237693
0.0
0.5180507849942406
0.6793963744005342
3.9623605385626455e-169
0.06288530691819026
0.05577450408405981
0.03922044010056384
0.08057932847892853
0.17273714015785224
0.34559538244277116
0.045760738422861574
0.22653234647951415
0.3645170780839036
3.1039463555209928e-80
0.055373032085070474
2.9800073801262487e-16
0.057713537809492316
0.45108101691677466
0.4163911255586356
0.32238663660371186
0.10600522646289587
0.43360839880232144
0.7016032032805074
7.81047984573435e-29
0.186760249469479
0.22739841131091343
0.05917871931611459
0.1011260808341013
0.04667613903790501
0.23786710905266462
0.0057816888959978585
0.021063640113224844
0.45319046513250905
0.12122465345319032
0.199991558509992
0.002643901251047177
0.13509556790963062
0.4206025725720014
0.16435508514673375
0.4344652326105368
0.04736732330113319
0.3897334776634279
0.4403934875602067
1.738242384866477e-271
9.57517828819664e-152
1.5986897787348374e-111
0.2542603763594268
0.6102665223365722
0.3053461360803683
4.9745646496490895e-76
3.5441955926610166e-179
0.3440027636308012
0.6267487508133934
0.20046440599642232
0.055732962659270614
2.059876726833257e-24
0.12323785807069387
0.45553283037277686
0.17904374717692093
1.114250840987855e-38
0.015236681279721026
2.1102130287902783e-24
0.7022347922610437
0.006111408184418405
0.06174351206194075
2.436878938675215e-31
3.176282441616611e-18
0.5359866017388875
0.14771589856568862
0.45790199007669413
0.08830579711132797
0.3764502134690741
0.5323043908715291
2.772860130964884e-78
0.11151929026896956
2.0434913687558647e-54
0.20702884552275894
0.3051172069341409
0.14914747333674416
0.31843257959678495
5.7348373121449034e-30
1.3019146861175323e-115
0.611126609657383
0.175170647147829
0.12757381567326112
3.1627351601813555e-20
0.06307844682755784
0.4654764815367558
0.18547383511507876
0.3593528713154153
0.012747292726717693
0.6725440197339095
0.668156271032367
6.832490602054086e-267
1.0432306806529884e-201
0.057088512240631245
3.2335576953017976e-169
0.2703674680254597
0.331843728967633
2.9967571798681723e-229
2.346851670793113e-121
0.5780856726637525
1.296599563652375
